/*--------------------------------*- C++ -*----------------------------------*\ 
| =========                 |                                                 | 
| \\      /  F ield         | OpenFOAM: The Open Source CFD Toolbox           | 
|  \\    /   O peration     | Version:  2.1.0                                 | 
|   \\  /    A nd           | Web:      www.OpenFOAM.com                      | 
|    \\/     M anipulation  |                                                 | 
\*---------------------------------------------------------------------------*/ 
FoamFile                                                                        
{                                                                               
    version     2.0;                                                            
    format      ascii;                                                          
    class       dictionary;                                                     
    object      blockMeshDict;                                                  
}                                                                               
// * * * * * * * * * * * * * * * * * * * * * * * * * * * * * * * * * * * * * // 

convertToMeters 1.000000; 

vertices 
( 
    (-7.554002 0.500000 0.757928)
    (0.408070 0.500000 8.000000)
    (0.995004 0.500000 8.000000)
    (16.000000 0.500000 8.000000)
    (0.000000 0.500000 0.000000)
    (0.408070 0.500000 0.057536)
    (0.396485 0.500000 -0.057859)
    (0.995004 0.500000 -0.099833)
    (16.000000 0.500000 -0.099833)
    (0.396485 0.500000 -8.000000)
    (0.995004 0.500000 -8.000000)
    (16.000000 0.500000 -8.000000)
    (-7.554002 -0.500000 0.757928)
    (0.408070 -0.500000 8.000000)
    (0.995004 -0.500000 8.000000)
    (16.000000 -0.500000 8.000000)
    (0.000000 -0.500000 0.000000)
    (0.408070 -0.500000 0.057536)
    (0.396485 -0.500000 -0.057859)
    (0.995004 -0.500000 -0.099833)
    (16.000000 -0.500000 -0.099833)
    (0.396485 -0.500000 -8.000000)
    (0.995004 -0.500000 -8.000000)
    (16.000000 -0.500000 -8.000000)
); 

blocks 
( 
    hex (4 5 1 0 16 17 13 12)     (200 300 1) edgeGrading (1 0.010000 0.010000 1 100.000000 100.000000 100.000000 100.000000 1 1 1 1) 
    hex (5 7 2 1 17 19 14 13)     (299 300 1) simpleGrading (1 100.000000 1) 
    hex (7 8 3 2 19 20 15 14)     (400 300 1) simpleGrading (100.000000 100.000000 1) 
    hex (16 18 21 12 4 6 9 0)     (200 300 1) edgeGrading (1 0.010000 0.010000 1 100.000000 100.000000 100.000000 100.000000 1 1 1 1) 
    hex (18 19 22 21 6 7 10 9)    (299 300 1) simpleGrading (1 100.000000 1) 
    hex (19 20 23 22 7 8 11 10)   (400 300 1) simpleGrading (100.000000 100.000000 1) 
); 

edges 
( 
    spline 4 5 
        ( 
            (-0.000052 0.500000 0.000698) 
            (-0.000073 0.500000 0.001397) 
            (-0.000062 0.500000 0.002097) 
            (-0.000019 0.500000 0.002798) 
            (0.000056 0.500000 0.003499) 
            (0.000162 0.500000 0.004201) 
            (0.000301 0.500000 0.004903) 
            (0.000471 0.500000 0.005606) 
            (0.000673 0.500000 0.006310) 
            (0.000907 0.500000 0.007014) 
            (0.001173 0.500000 0.007719) 
            (0.001471 0.500000 0.008425) 
            (0.001800 0.500000 0.009130) 
            (0.002162 0.500000 0.009837) 
            (0.002556 0.500000 0.010543) 
            (0.002981 0.500000 0.011250) 
            (0.003438 0.500000 0.011957) 
            (0.003928 0.500000 0.012664) 
            (0.004449 0.500000 0.013372) 
            (0.005002 0.500000 0.014080) 
            (0.005587 0.500000 0.014787) 
            (0.006204 0.500000 0.015495) 
            (0.006853 0.500000 0.016203) 
            (0.007533 0.500000 0.016910) 
            (0.008246 0.500000 0.017617) 
            (0.008990 0.500000 0.018324) 
            (0.009766 0.500000 0.019031) 
            (0.010574 0.500000 0.019737) 
            (0.011413 0.500000 0.020443) 
            (0.012284 0.500000 0.021148) 
            (0.013187 0.500000 0.021852) 
            (0.014122 0.500000 0.022556) 
            (0.015087 0.500000 0.023258) 
            (0.016085 0.500000 0.023960) 
            (0.017114 0.500000 0.024661) 
            (0.018174 0.500000 0.025360) 
            (0.019266 0.500000 0.026059) 
            (0.020389 0.500000 0.026756) 
            (0.021544 0.500000 0.027452) 
            (0.022729 0.500000 0.028146) 
            (0.023946 0.500000 0.028838) 
            (0.025194 0.500000 0.029529) 
            (0.026473 0.500000 0.030218) 
            (0.027783 0.500000 0.030905) 
            (0.029124 0.500000 0.031590) 
            (0.030495 0.500000 0.032272) 
            (0.031898 0.500000 0.032953) 
            (0.033331 0.500000 0.033631) 
            (0.034795 0.500000 0.034306) 
            (0.036289 0.500000 0.034979) 
            (0.037814 0.500000 0.035649) 
            (0.039369 0.500000 0.036316) 
            (0.040954 0.500000 0.036981) 
            (0.042570 0.500000 0.037642) 
            (0.044216 0.500000 0.038299) 
            (0.045891 0.500000 0.038954) 
            (0.047597 0.500000 0.039605) 
            (0.049332 0.500000 0.040252) 
            (0.051097 0.500000 0.040895) 
            (0.052892 0.500000 0.041535) 
            (0.054716 0.500000 0.042170) 
            (0.056570 0.500000 0.042801) 
            (0.058452 0.500000 0.043428) 
            (0.060364 0.500000 0.044051) 
            (0.062305 0.500000 0.044669) 
            (0.064275 0.500000 0.045282) 
            (0.066274 0.500000 0.045891) 
            (0.068301 0.500000 0.046494) 
            (0.070357 0.500000 0.047092) 
            (0.072441 0.500000 0.047686) 
            (0.074554 0.500000 0.048273) 
            (0.076694 0.500000 0.048855) 
            (0.078863 0.500000 0.049432) 
            (0.081060 0.500000 0.050002) 
            (0.083284 0.500000 0.050567) 
            (0.085536 0.500000 0.051126) 
            (0.087815 0.500000 0.051678) 
            (0.090122 0.500000 0.052224) 
            (0.092455 0.500000 0.052763) 
            (0.094816 0.500000 0.053296) 
            (0.097203 0.500000 0.053822) 
            (0.099618 0.500000 0.054341) 
            (0.102058 0.500000 0.054853) 
            (0.104525 0.500000 0.055358) 
            (0.107018 0.500000 0.055855) 
            (0.109538 0.500000 0.056345) 
            (0.112083 0.500000 0.056828) 
            (0.114653 0.500000 0.057302) 
            (0.117249 0.500000 0.057769) 
            (0.119871 0.500000 0.058228) 
            (0.122517 0.500000 0.058678) 
            (0.125189 0.500000 0.059121) 
            (0.127885 0.500000 0.059554) 
            (0.130606 0.500000 0.059980) 
            (0.133351 0.500000 0.060396) 
            (0.136121 0.500000 0.060804) 
            (0.138914 0.500000 0.061203) 
            (0.141731 0.500000 0.061593) 
            (0.144572 0.500000 0.061973) 
            (0.147437 0.500000 0.062344) 
            (0.150324 0.500000 0.062706) 
            (0.153235 0.500000 0.063058) 
            (0.156168 0.500000 0.063401) 
            (0.159124 0.500000 0.063734) 
            (0.162102 0.500000 0.064056) 
            (0.165102 0.500000 0.064369) 
            (0.168125 0.500000 0.064672) 
            (0.171169 0.500000 0.064964) 
            (0.174235 0.500000 0.065246) 
            (0.177322 0.500000 0.065517) 
            (0.180430 0.500000 0.065778) 
            (0.183559 0.500000 0.066028) 
            (0.186708 0.500000 0.066267) 
            (0.189879 0.500000 0.066496) 
            (0.193069 0.500000 0.066713) 
            (0.196279 0.500000 0.066919) 
            (0.199509 0.500000 0.067114) 
            (0.202758 0.500000 0.067298) 
            (0.206027 0.500000 0.067470) 
            (0.209315 0.500000 0.067631) 
            (0.212621 0.500000 0.067780) 
            (0.215946 0.500000 0.067917) 
            (0.219290 0.500000 0.068043) 
            (0.222651 0.500000 0.068157) 
            (0.226030 0.500000 0.068258) 
            (0.229427 0.500000 0.068348) 
            (0.232841 0.500000 0.068426) 
            (0.236272 0.500000 0.068491) 
            (0.239721 0.500000 0.068545) 
            (0.243185 0.500000 0.068585) 
            (0.246666 0.500000 0.068614) 
            (0.250163 0.500000 0.068630) 
            (0.253676 0.500000 0.068634) 
            (0.257205 0.500000 0.068625) 
            (0.260748 0.500000 0.068603) 
            (0.264307 0.500000 0.068569) 
            (0.267881 0.500000 0.068521) 
            (0.271469 0.500000 0.068461) 
            (0.275072 0.500000 0.068389) 
            (0.278688 0.500000 0.068303) 
            (0.282318 0.500000 0.068204) 
            (0.285962 0.500000 0.068093) 
            (0.289619 0.500000 0.067968) 
            (0.293289 0.500000 0.067830) 
            (0.296971 0.500000 0.067679) 
            (0.300666 0.500000 0.067515) 
            (0.304374 0.500000 0.067338) 
            (0.308093 0.500000 0.067148) 
            (0.311823 0.500000 0.066944) 
            (0.315565 0.500000 0.066727) 
            (0.319319 0.500000 0.066497) 
            (0.323082 0.500000 0.066254) 
            (0.326857 0.500000 0.065997) 
            (0.330642 0.500000 0.065727) 
            (0.334437 0.500000 0.065444) 
            (0.338241 0.500000 0.065147) 
            (0.342055 0.500000 0.064837) 
            (0.345878 0.500000 0.064514) 
            (0.349710 0.500000 0.064177) 
            (0.353551 0.500000 0.063827) 
            (0.357400 0.500000 0.063464) 
            (0.361257 0.500000 0.063087) 
            (0.365122 0.500000 0.062697) 
            (0.368995 0.500000 0.062294) 
            (0.372875 0.500000 0.061877) 
            (0.376761 0.500000 0.061448) 
            (0.380655 0.500000 0.061005) 
            (0.384555 0.500000 0.060548) 
            (0.388461 0.500000 0.060079) 
            (0.392373 0.500000 0.059596) 
            (0.396291 0.500000 0.059101) 
            (0.400214 0.500000 0.058592) 
            (0.404142 0.500000 0.058070) 
        ) 
    spline 5 7 
        ( 
            (0.411946 0.500000 0.056996)
            (0.415827 0.500000 0.056448)
            (0.419712 0.500000 0.055892)
            (0.423602 0.500000 0.055327)
            (0.427497 0.500000 0.054753)
            (0.431395 0.500000 0.054171)
            (0.435296 0.500000 0.053581)
            (0.439201 0.500000 0.052983)
            (0.443110 0.500000 0.052376)
            (0.447021 0.500000 0.051761)
            (0.450935 0.500000 0.051138)
            (0.454851 0.500000 0.050507)
            (0.458769 0.500000 0.049868)
            (0.462689 0.500000 0.049221)
            (0.466611 0.500000 0.048567)
            (0.470535 0.500000 0.047905)
            (0.474459 0.500000 0.047235)
            (0.478385 0.500000 0.046558)
            (0.482311 0.500000 0.045873)
            (0.486237 0.500000 0.045181)
            (0.490164 0.500000 0.044481)
            (0.494090 0.500000 0.043774)
            (0.498017 0.500000 0.043060)
            (0.501942 0.500000 0.042340)
            (0.505867 0.500000 0.041612)
            (0.509791 0.500000 0.040877)
            (0.513713 0.500000 0.040135)
            (0.517634 0.500000 0.039387)
            (0.521553 0.500000 0.038632)
            (0.525470 0.500000 0.037871)
            (0.529384 0.500000 0.037103)
            (0.533296 0.500000 0.036329)
            (0.537206 0.500000 0.035548)
            (0.541112 0.500000 0.034762)
            (0.545015 0.500000 0.033969)
            (0.548914 0.500000 0.033170)
            (0.552810 0.500000 0.032366)
            (0.556701 0.500000 0.031555)
            (0.560588 0.500000 0.030739)
            (0.564471 0.500000 0.029918)
            (0.568349 0.500000 0.029091)
            (0.572222 0.500000 0.028258)
            (0.576090 0.500000 0.027420)
            (0.579952 0.500000 0.026577)
            (0.583809 0.500000 0.025729)
            (0.587660 0.500000 0.024876)
            (0.591504 0.500000 0.024018)
            (0.595342 0.500000 0.023156)
            (0.599173 0.500000 0.022288)
            (0.602998 0.500000 0.021416)
            (0.606815 0.500000 0.020540)
            (0.610625 0.500000 0.019659)
            (0.614428 0.500000 0.018774)
            (0.618222 0.500000 0.017884)
            (0.622009 0.500000 0.016991)
            (0.625787 0.500000 0.016094)
            (0.629557 0.500000 0.015193)
            (0.633318 0.500000 0.014288)
            (0.637070 0.500000 0.013379)
            (0.640813 0.500000 0.012467)
            (0.644546 0.500000 0.011552)
            (0.648270 0.500000 0.010633)
            (0.651983 0.500000 0.009711)
            (0.655687 0.500000 0.008786)
            (0.659380 0.500000 0.007858)
            (0.663063 0.500000 0.006927)
            (0.666735 0.500000 0.005994)
            (0.670396 0.500000 0.005057)
            (0.674046 0.500000 0.004119)
            (0.677684 0.500000 0.003178)
            (0.681311 0.500000 0.002234)
            (0.684926 0.500000 0.001289)
            (0.688529 0.500000 0.000341)
            (0.692119 0.500000 -0.000609)
            (0.695697 0.500000 -0.001560)
            (0.699262 0.500000 -0.002513)
            (0.702814 0.500000 -0.003468)
            (0.706353 0.500000 -0.004425)
            (0.709879 0.500000 -0.005382)
            (0.713391 0.500000 -0.006341)
            (0.716889 0.500000 -0.007301)
            (0.720373 0.500000 -0.008262)
            (0.723843 0.500000 -0.009224)
            (0.727299 0.500000 -0.010187)
            (0.730740 0.500000 -0.011151)
            (0.734166 0.500000 -0.012115)
            (0.737577 0.500000 -0.013079)
            (0.740973 0.500000 -0.014044)
            (0.744354 0.500000 -0.015009)
            (0.747719 0.500000 -0.015974)
            (0.751068 0.500000 -0.016940)
            (0.754401 0.500000 -0.017905)
            (0.757718 0.500000 -0.018869)
            (0.761018 0.500000 -0.019834)
            (0.764302 0.500000 -0.020797)
            (0.767569 0.500000 -0.021761)
            (0.770820 0.500000 -0.022723)
            (0.774053 0.500000 -0.023685)
            (0.777268 0.500000 -0.024645)
            (0.780466 0.500000 -0.025605)
            (0.783647 0.500000 -0.026563)
            (0.786809 0.500000 -0.027520)
            (0.789953 0.500000 -0.028476)
            (0.793079 0.500000 -0.029429)
            (0.796187 0.500000 -0.030382)
            (0.799276 0.500000 -0.031332)
            (0.802346 0.500000 -0.032280)
            (0.805397 0.500000 -0.033227)
            (0.808429 0.500000 -0.034171)
            (0.811442 0.500000 -0.035113)
            (0.814435 0.500000 -0.036052)
            (0.817409 0.500000 -0.036989)
            (0.820363 0.500000 -0.037924)
            (0.823296 0.500000 -0.038855)
            (0.826210 0.500000 -0.039784)
            (0.829103 0.500000 -0.040709)
            (0.831975 0.500000 -0.041632)
            (0.834827 0.500000 -0.042551)
            (0.837658 0.500000 -0.043467)
            (0.840469 0.500000 -0.044379)
            (0.843258 0.500000 -0.045288)
            (0.846025 0.500000 -0.046193)
            (0.848771 0.500000 -0.047094)
            (0.851496 0.500000 -0.047991)
            (0.854199 0.500000 -0.048884)
            (0.856880 0.500000 -0.049772)
            (0.859538 0.500000 -0.050657)
            (0.862175 0.500000 -0.051537)
            (0.864789 0.500000 -0.052412)
            (0.867381 0.500000 -0.053283)
            (0.869950 0.500000 -0.054149)
            (0.872496 0.500000 -0.055010)
            (0.875020 0.500000 -0.055866)
            (0.877520 0.500000 -0.056717)
            (0.879997 0.500000 -0.057563)
            (0.882451 0.500000 -0.058403)
            (0.884881 0.500000 -0.059237)
            (0.887287 0.500000 -0.060067)
            (0.889670 0.500000 -0.060890)
            (0.892029 0.500000 -0.061708)
            (0.894364 0.500000 -0.062519)
            (0.896675 0.500000 -0.063325)
            (0.898961 0.500000 -0.064124)
            (0.901223 0.500000 -0.064917)
            (0.903461 0.500000 -0.065704)
            (0.905674 0.500000 -0.066484)
            (0.907862 0.500000 -0.067258)
            (0.910025 0.500000 -0.068025)
            (0.912164 0.500000 -0.068785)
            (0.914277 0.500000 -0.069538)
            (0.916365 0.500000 -0.070284)
            (0.918428 0.500000 -0.071023)
            (0.920465 0.500000 -0.071754)
            (0.922477 0.500000 -0.072479)
            (0.924463 0.500000 -0.073195)
            (0.926423 0.500000 -0.073905)
            (0.928358 0.500000 -0.074606)
            (0.930266 0.500000 -0.075300)
            (0.932149 0.500000 -0.075986)
            (0.934005 0.500000 -0.076664)
            (0.935835 0.500000 -0.077334)
            (0.937638 0.500000 -0.077996)
            (0.939416 0.500000 -0.078649)
            (0.941166 0.500000 -0.079294)
            (0.942890 0.500000 -0.079931)
            (0.944587 0.500000 -0.080559)
            (0.946258 0.500000 -0.081179)
            (0.947901 0.500000 -0.081790)
            (0.949518 0.500000 -0.082392)
            (0.951107 0.500000 -0.082985)
            (0.952670 0.500000 -0.083569)
            (0.954205 0.500000 -0.084144)
            (0.955712 0.500000 -0.084709)
            (0.957193 0.500000 -0.085266)
            (0.958645 0.500000 -0.085813)
            (0.960071 0.500000 -0.086351)
            (0.961468 0.500000 -0.086879)
            (0.962838 0.500000 -0.087398)
            (0.964180 0.500000 -0.087907)
            (0.965495 0.500000 -0.088406)
            (0.966781 0.500000 -0.088896)
            (0.968040 0.500000 -0.089375)
            (0.969270 0.500000 -0.089845)
            (0.970472 0.500000 -0.090305)
            (0.971647 0.500000 -0.090754)
            (0.972793 0.500000 -0.091193)
            (0.973910 0.500000 -0.091623)
            (0.975000 0.500000 -0.092041)
            (0.976061 0.500000 -0.092450)
            (0.977093 0.500000 -0.092848)
            (0.978097 0.500000 -0.093235)
            (0.979073 0.500000 -0.093612)
            (0.980019 0.500000 -0.093979)
            (0.980938 0.500000 -0.094334)
            (0.981827 0.500000 -0.094679)
            (0.982688 0.500000 -0.095013)
            (0.983520 0.500000 -0.095337)
            (0.984323 0.500000 -0.095649)
            (0.985098 0.500000 -0.095951)
            (0.985843 0.500000 -0.096241)
            (0.986560 0.500000 -0.096521)
            (0.987247 0.500000 -0.096789)
            (0.987906 0.500000 -0.097046)
            (0.988535 0.500000 -0.097292)
            (0.989136 0.500000 -0.097527)
            (0.989707 0.500000 -0.097751)
            (0.990249 0.500000 -0.097964)
            (0.990762 0.500000 -0.098165)
            (0.991246 0.500000 -0.098355)
            (0.991701 0.500000 -0.098533)
            (0.992126 0.500000 -0.098700)
            (0.992522 0.500000 -0.098856)
            (0.992889 0.500000 -0.099000)
            (0.993227 0.500000 -0.099133)
            (0.993535 0.500000 -0.099255)
            (0.993814 0.500000 -0.099364)
            (0.994064 0.500000 -0.099463)
            (0.994284 0.500000 -0.099550)
            (0.994475 0.500000 -0.099625)
            (0.994637 0.500000 -0.099689)
            (0.994769 0.500000 -0.099741)
            (0.994872 0.500000 -0.099781)
            (0.994945 0.500000 -0.099810)
            (0.994989 0.500000 -0.099828)
        ) 
    spline 4 6 
        ( 
            (0.000084 0.500000 -0.000695)
            (0.000199 0.500000 -0.001385)
            (0.000345 0.500000 -0.002070)
            (0.000522 0.500000 -0.002749)
            (0.000731 0.500000 -0.003422)
            (0.000970 0.500000 -0.004090)
            (0.001241 0.500000 -0.004753)
            (0.001542 0.500000 -0.005410)
            (0.001874 0.500000 -0.006062)
            (0.002237 0.500000 -0.006708)
            (0.002631 0.500000 -0.007349)
            (0.003056 0.500000 -0.007985)
            (0.003512 0.500000 -0.008615)
            (0.003998 0.500000 -0.009239)
            (0.004514 0.500000 -0.009858)
            (0.005062 0.500000 -0.010472)
            (0.005639 0.500000 -0.011080)
            (0.006247 0.500000 -0.011683)
            (0.006886 0.500000 -0.012280)
            (0.007554 0.500000 -0.012872)
            (0.008253 0.500000 -0.013458)
            (0.008982 0.500000 -0.014039)
            (0.009741 0.500000 -0.014614)
            (0.010530 0.500000 -0.015184)
            (0.011349 0.500000 -0.015749)
            (0.012198 0.500000 -0.016308)
            (0.013077 0.500000 -0.016861)
            (0.013985 0.500000 -0.017410)
            (0.014923 0.500000 -0.017952)
            (0.015890 0.500000 -0.018490)
            (0.016886 0.500000 -0.019022)
            (0.017912 0.500000 -0.019548)
            (0.018968 0.500000 -0.020070)
            (0.020052 0.500000 -0.020586)
            (0.021165 0.500000 -0.021096)
            (0.022307 0.500000 -0.021601)
            (0.023479 0.500000 -0.022101)
            (0.024678 0.500000 -0.022596)
            (0.025907 0.500000 -0.023085)
            (0.027164 0.500000 -0.023569)
            (0.028449 0.500000 -0.024047)
            (0.029763 0.500000 -0.024521)
            (0.031105 0.500000 -0.024989)
            (0.032475 0.500000 -0.025452)
            (0.033874 0.500000 -0.025910)
            (0.035300 0.500000 -0.026362)
            (0.036754 0.500000 -0.026810)
            (0.038235 0.500000 -0.027252)
            (0.039744 0.500000 -0.027689)
            (0.041281 0.500000 -0.028121)
            (0.042844 0.500000 -0.028548)
            (0.044436 0.500000 -0.028970)
            (0.046054 0.500000 -0.029386)
            (0.047699 0.500000 -0.029798)
            (0.049371 0.500000 -0.030205)
            (0.051069 0.500000 -0.030607)
            (0.052795 0.500000 -0.031004)
            (0.054546 0.500000 -0.031396)
            (0.056324 0.500000 -0.031783)
            (0.058128 0.500000 -0.032165)
            (0.059959 0.500000 -0.032542)
            (0.061815 0.500000 -0.032915)
            (0.063697 0.500000 -0.033283)
            (0.065605 0.500000 -0.033646)
            (0.067538 0.500000 -0.034005)
            (0.069497 0.500000 -0.034358)
            (0.071481 0.500000 -0.034708)
            (0.073490 0.500000 -0.035052)
            (0.075524 0.500000 -0.035392)
            (0.077583 0.500000 -0.035728)
            (0.079666 0.500000 -0.036059)
            (0.081774 0.500000 -0.036386)
            (0.083907 0.500000 -0.036708)
            (0.086064 0.500000 -0.037026)
            (0.088245 0.500000 -0.037340)
            (0.090450 0.500000 -0.037649)
            (0.092679 0.500000 -0.037955)
            (0.094931 0.500000 -0.038256)
            (0.097208 0.500000 -0.038553)
            (0.099507 0.500000 -0.038846)
            (0.101830 0.500000 -0.039135)
            (0.104176 0.500000 -0.039419)
            (0.106545 0.500000 -0.039700)
            (0.108936 0.500000 -0.039978)
            (0.111350 0.500000 -0.040251)
            (0.113787 0.500000 -0.040520)
            (0.116246 0.500000 -0.040786)
            (0.118727 0.500000 -0.041049)
            (0.121231 0.500000 -0.041307)
            (0.123756 0.500000 -0.041562)
            (0.126303 0.500000 -0.041814)
            (0.128871 0.500000 -0.042062)
            (0.131461 0.500000 -0.042307)
            (0.134072 0.500000 -0.042549)
            (0.136704 0.500000 -0.042787)
            (0.139357 0.500000 -0.043022)
            (0.142031 0.500000 -0.043254)
            (0.144725 0.500000 -0.043483)
            (0.147440 0.500000 -0.043709)
            (0.150175 0.500000 -0.043932)
            (0.152930 0.500000 -0.044152)
            (0.155705 0.500000 -0.044370)
            (0.158500 0.500000 -0.044585)
            (0.161314 0.500000 -0.044797)
            (0.164148 0.500000 -0.045007)
            (0.167001 0.500000 -0.045214)
            (0.169873 0.500000 -0.045418)
            (0.172765 0.500000 -0.045621)
            (0.175674 0.500000 -0.045821)
            (0.178603 0.500000 -0.046019)
            (0.181550 0.500000 -0.046214)
            (0.184515 0.500000 -0.046408)
            (0.187498 0.500000 -0.046600)
            (0.190499 0.500000 -0.046790)
            (0.193518 0.500000 -0.046978)
            (0.196555 0.500000 -0.047164)
            (0.199608 0.500000 -0.047349)
            (0.202679 0.500000 -0.047532)
            (0.205767 0.500000 -0.047713)
            (0.208872 0.500000 -0.047893)
            (0.211994 0.500000 -0.048072)
            (0.215132 0.500000 -0.048250)
            (0.218286 0.500000 -0.048426)
            (0.221457 0.500000 -0.048601)
            (0.224644 0.500000 -0.048776)
            (0.227846 0.500000 -0.048949)
            (0.231064 0.500000 -0.049121)
            (0.234297 0.500000 -0.049293)
            (0.237546 0.500000 -0.049464)
            (0.240810 0.500000 -0.049635)
            (0.244088 0.500000 -0.049805)
            (0.247382 0.500000 -0.049975)
            (0.250689 0.500000 -0.050144)
            (0.254012 0.500000 -0.050313)
            (0.257348 0.500000 -0.050482)
            (0.260698 0.500000 -0.050651)
            (0.264062 0.500000 -0.050819)
            (0.267440 0.500000 -0.050988)
            (0.270831 0.500000 -0.051158)
            (0.274236 0.500000 -0.051327)
            (0.277653 0.500000 -0.051497)
            (0.281083 0.500000 -0.051667)
            (0.284526 0.500000 -0.051838)
            (0.287982 0.500000 -0.052009)
            (0.291450 0.500000 -0.052182)
            (0.294929 0.500000 -0.052354)
            (0.298421 0.500000 -0.052528)
            (0.301924 0.500000 -0.052703)
            (0.305439 0.500000 -0.052879)
            (0.308966 0.500000 -0.053056)
            (0.312503 0.500000 -0.053234)
            (0.316051 0.500000 -0.053414)
            (0.319610 0.500000 -0.053595)
            (0.323180 0.500000 -0.053777)
            (0.326760 0.500000 -0.053961)
            (0.330350 0.500000 -0.054147)
            (0.333950 0.500000 -0.054334)
            (0.337560 0.500000 -0.054523)
            (0.341179 0.500000 -0.054714)
            (0.344808 0.500000 -0.054907)
            (0.348446 0.500000 -0.055102)
            (0.352093 0.500000 -0.055299)
            (0.355749 0.500000 -0.055499)
            (0.359413 0.500000 -0.055700)
            (0.363085 0.500000 -0.055904)
            (0.366766 0.500000 -0.056111)
            (0.370455 0.500000 -0.056320)
            (0.374151 0.500000 -0.056531)
            (0.377855 0.500000 -0.056745)
            (0.381566 0.500000 -0.056962)
            (0.385284 0.500000 -0.057182)
            (0.389010 0.500000 -0.057404)
            (0.392742 0.500000 -0.057630)
        ) 
    spline 6 7 
        ( 
            (0.400291 0.500000 -0.058094)
            (0.404104 0.500000 -0.058329)
            (0.407923 0.500000 -0.058562)
            (0.411748 0.500000 -0.058795)
            (0.415578 0.500000 -0.059028)
            (0.419414 0.500000 -0.059259)
            (0.423255 0.500000 -0.059490)
            (0.427100 0.500000 -0.059720)
            (0.430951 0.500000 -0.059950)
            (0.434805 0.500000 -0.060179)
            (0.438664 0.500000 -0.060408)
            (0.442527 0.500000 -0.060636)
            (0.446393 0.500000 -0.060864)
            (0.450263 0.500000 -0.061091)
            (0.454136 0.500000 -0.061318)
            (0.458012 0.500000 -0.061545)
            (0.461891 0.500000 -0.061771)
            (0.465773 0.500000 -0.061997)
            (0.469656 0.500000 -0.062223)
            (0.473542 0.500000 -0.062449)
            (0.477430 0.500000 -0.062675)
            (0.481319 0.500000 -0.062900)
            (0.485209 0.500000 -0.063126)
            (0.489101 0.500000 -0.063351)
            (0.492993 0.500000 -0.063577)
            (0.496887 0.500000 -0.063802)
            (0.500780 0.500000 -0.064027)
            (0.504674 0.500000 -0.064253)
            (0.508567 0.500000 -0.064478)
            (0.512461 0.500000 -0.064704)
            (0.516353 0.500000 -0.064930)
            (0.520245 0.500000 -0.065156)
            (0.524136 0.500000 -0.065382)
            (0.528026 0.500000 -0.065608)
            (0.531914 0.500000 -0.065835)
            (0.535801 0.500000 -0.066061)
            (0.539685 0.500000 -0.066288)
            (0.543567 0.500000 -0.066516)
            (0.547447 0.500000 -0.066743)
            (0.551324 0.500000 -0.066971)
            (0.555198 0.500000 -0.067199)
            (0.559069 0.500000 -0.067428)
            (0.562937 0.500000 -0.067657)
            (0.566801 0.500000 -0.067886)
            (0.570661 0.500000 -0.068116)
            (0.574517 0.500000 -0.068346)
            (0.578369 0.500000 -0.068576)
            (0.582216 0.500000 -0.068807)
            (0.586058 0.500000 -0.069038)
            (0.589895 0.500000 -0.069270)
            (0.593727 0.500000 -0.069502)
            (0.597553 0.500000 -0.069735)
            (0.601373 0.500000 -0.069968)
            (0.605188 0.500000 -0.070201)
            (0.608996 0.500000 -0.070435)
            (0.612797 0.500000 -0.070669)
            (0.616592 0.500000 -0.070904)
            (0.620380 0.500000 -0.071139)
            (0.624161 0.500000 -0.071374)
            (0.627935 0.500000 -0.071610)
            (0.631700 0.500000 -0.071847)
            (0.635458 0.500000 -0.072083)
            (0.639208 0.500000 -0.072321)
            (0.642949 0.500000 -0.072558)
            (0.646682 0.500000 -0.072796)
            (0.650405 0.500000 -0.073035)
            (0.654120 0.500000 -0.073274)
            (0.657826 0.500000 -0.073513)
            (0.661522 0.500000 -0.073753)
            (0.665208 0.500000 -0.073993)
            (0.668884 0.500000 -0.074233)
            (0.672550 0.500000 -0.074474)
            (0.676206 0.500000 -0.074715)
            (0.679850 0.500000 -0.074956)
            (0.683484 0.500000 -0.075198)
            (0.687107 0.500000 -0.075439)
            (0.690719 0.500000 -0.075682)
            (0.694318 0.500000 -0.075924)
            (0.697906 0.500000 -0.076166)
            (0.701482 0.500000 -0.076409)
            (0.705046 0.500000 -0.076652)
            (0.708597 0.500000 -0.076895)
            (0.712136 0.500000 -0.077139)
            (0.715662 0.500000 -0.077382)
            (0.719174 0.500000 -0.077626)
            (0.722673 0.500000 -0.077869)
            (0.726159 0.500000 -0.078113)
            (0.729630 0.500000 -0.078357)
            (0.733088 0.500000 -0.078600)
            (0.736531 0.500000 -0.078844)
            (0.739960 0.500000 -0.079088)
            (0.743374 0.500000 -0.079331)
            (0.746773 0.500000 -0.079575)
            (0.750158 0.500000 -0.079818)
            (0.753526 0.500000 -0.080062)
            (0.756880 0.500000 -0.080305)
            (0.760217 0.500000 -0.080548)
            (0.763539 0.500000 -0.080790)
            (0.766844 0.500000 -0.081033)
            (0.770133 0.500000 -0.081275)
            (0.773405 0.500000 -0.081517)
            (0.776661 0.500000 -0.081758)
            (0.779899 0.500000 -0.082000)
            (0.783120 0.500000 -0.082240)
            (0.786324 0.500000 -0.082481)
            (0.789510 0.500000 -0.082720)
            (0.792679 0.500000 -0.082960)
            (0.795829 0.500000 -0.083199)
            (0.798961 0.500000 -0.083437)
            (0.802074 0.500000 -0.083675)
            (0.805169 0.500000 -0.083912)
            (0.808245 0.500000 -0.084148)
            (0.811302 0.500000 -0.084384)
            (0.814340 0.500000 -0.084619)
            (0.817358 0.500000 -0.084853)
            (0.820357 0.500000 -0.085087)
            (0.823336 0.500000 -0.085320)
            (0.826295 0.500000 -0.085552)
            (0.829233 0.500000 -0.085783)
            (0.832152 0.500000 -0.086013)
            (0.835049 0.500000 -0.086242)
            (0.837926 0.500000 -0.086470)
            (0.840782 0.500000 -0.086697)
            (0.843617 0.500000 -0.086924)
            (0.846430 0.500000 -0.087149)
            (0.849222 0.500000 -0.087373)
            (0.851992 0.500000 -0.087596)
            (0.854741 0.500000 -0.087817)
            (0.857467 0.500000 -0.088038)
            (0.860171 0.500000 -0.088257)
            (0.862853 0.500000 -0.088475)
            (0.865512 0.500000 -0.088692)
            (0.868148 0.500000 -0.088908)
            (0.870761 0.500000 -0.089122)
            (0.873352 0.500000 -0.089335)
            (0.875919 0.500000 -0.089546)
            (0.878462 0.500000 -0.089756)
            (0.880982 0.500000 -0.089964)
            (0.883478 0.500000 -0.090171)
            (0.885950 0.500000 -0.090377)
            (0.888399 0.500000 -0.090580)
            (0.890822 0.500000 -0.090783)
            (0.893222 0.500000 -0.090983)
            (0.895597 0.500000 -0.091182)
            (0.897947 0.500000 -0.091380)
            (0.900272 0.500000 -0.091575)
            (0.902572 0.500000 -0.091769)
            (0.904847 0.500000 -0.091961)
            (0.907097 0.500000 -0.092152)
            (0.909321 0.500000 -0.092340)
            (0.911519 0.500000 -0.092527)
            (0.913692 0.500000 -0.092712)
            (0.915839 0.500000 -0.092895)
            (0.917960 0.500000 -0.093076)
            (0.920054 0.500000 -0.093255)
            (0.922122 0.500000 -0.093432)
            (0.924164 0.500000 -0.093607)
            (0.926179 0.500000 -0.093780)
            (0.928167 0.500000 -0.093951)
            (0.930128 0.500000 -0.094120)
            (0.932062 0.500000 -0.094287)
            (0.933969 0.500000 -0.094452)
            (0.935849 0.500000 -0.094614)
            (0.937702 0.500000 -0.094775)
            (0.939526 0.500000 -0.094933)
            (0.941324 0.500000 -0.095089)
            (0.943093 0.500000 -0.095243)
            (0.944834 0.500000 -0.095395)
            (0.946548 0.500000 -0.095544)
            (0.948233 0.500000 -0.095691)
            (0.949890 0.500000 -0.095836)
            (0.951519 0.500000 -0.095978)
            (0.953119 0.500000 -0.096118)
            (0.954690 0.500000 -0.096256)
            (0.956233 0.500000 -0.096391)
            (0.957747 0.500000 -0.096524)
            (0.959233 0.500000 -0.096655)
            (0.960689 0.500000 -0.096783)
            (0.962116 0.500000 -0.096909)
            (0.963514 0.500000 -0.097032)
            (0.964882 0.500000 -0.097153)
            (0.966221 0.500000 -0.097271)
            (0.967531 0.500000 -0.097387)
            (0.968811 0.500000 -0.097500)
            (0.970062 0.500000 -0.097610)
            (0.971282 0.500000 -0.097718)
            (0.972473 0.500000 -0.097824)
            (0.973634 0.500000 -0.097927)
            (0.974765 0.500000 -0.098027)
            (0.975866 0.500000 -0.098125)
            (0.976937 0.500000 -0.098220)
            (0.977977 0.500000 -0.098313)
            (0.978988 0.500000 -0.098403)
            (0.979968 0.500000 -0.098490)
            (0.980917 0.500000 -0.098574)
            (0.981836 0.500000 -0.098656)
            (0.982725 0.500000 -0.098735)
            (0.983582 0.500000 -0.098812)
            (0.984410 0.500000 -0.098886)
            (0.985206 0.500000 -0.098957)
            (0.985972 0.500000 -0.099025)
            (0.986706 0.500000 -0.099091)
            (0.987410 0.500000 -0.099154)
            (0.988083 0.500000 -0.099214)
            (0.988725 0.500000 -0.099271)
            (0.989336 0.500000 -0.099326)
            (0.989916 0.500000 -0.099378)
            (0.990465 0.500000 -0.099427)
            (0.990982 0.500000 -0.099473)
            (0.991469 0.500000 -0.099517)
            (0.991924 0.500000 -0.099557)
            (0.992348 0.500000 -0.099595)
            (0.992740 0.500000 -0.099630)
            (0.993102 0.500000 -0.099663)
            (0.993432 0.500000 -0.099692)
            (0.993730 0.500000 -0.099719)
            (0.993998 0.500000 -0.099743)
            (0.994233 0.500000 -0.099764)
            (0.994438 0.500000 -0.099783)
            (0.994611 0.500000 -0.099798)
            (0.994752 0.500000 -0.099811)
            (0.994863 0.500000 -0.099821)
            (0.994941 0.500000 -0.099828)
            (0.994988 0.500000 -0.099832)
        ) 
    spline 16 17 
        ( 
            (-0.000052 -0.500000 0.000698)
            (-0.000073 -0.500000 0.001397)
            (-0.000062 -0.500000 0.002097)
            (-0.000019 -0.500000 0.002798)
            (0.000056 -0.500000 0.003499)
            (0.000162 -0.500000 0.004201)
            (0.000301 -0.500000 0.004903)
            (0.000471 -0.500000 0.005606)
            (0.000673 -0.500000 0.006310)
            (0.000907 -0.500000 0.007014)
            (0.001173 -0.500000 0.007719)
            (0.001471 -0.500000 0.008425)
            (0.001800 -0.500000 0.009130)
            (0.002162 -0.500000 0.009837)
            (0.002556 -0.500000 0.010543)
            (0.002981 -0.500000 0.011250)
            (0.003438 -0.500000 0.011957)
            (0.003928 -0.500000 0.012664)
            (0.004449 -0.500000 0.013372)
            (0.005002 -0.500000 0.014080)
            (0.005587 -0.500000 0.014787)
            (0.006204 -0.500000 0.015495)
            (0.006853 -0.500000 0.016203)
            (0.007533 -0.500000 0.016910)
            (0.008246 -0.500000 0.017617)
            (0.008990 -0.500000 0.018324)
            (0.009766 -0.500000 0.019031)
            (0.010574 -0.500000 0.019737)
            (0.011413 -0.500000 0.020443)
            (0.012284 -0.500000 0.021148)
            (0.013187 -0.500000 0.021852)
            (0.014122 -0.500000 0.022556)
            (0.015087 -0.500000 0.023258)
            (0.016085 -0.500000 0.023960)
            (0.017114 -0.500000 0.024661)
            (0.018174 -0.500000 0.025360)
            (0.019266 -0.500000 0.026059)
            (0.020389 -0.500000 0.026756)
            (0.021544 -0.500000 0.027452)
            (0.022729 -0.500000 0.028146)
            (0.023946 -0.500000 0.028838)
            (0.025194 -0.500000 0.029529)
            (0.026473 -0.500000 0.030218)
            (0.027783 -0.500000 0.030905)
            (0.029124 -0.500000 0.031590)
            (0.030495 -0.500000 0.032272)
            (0.031898 -0.500000 0.032953)
            (0.033331 -0.500000 0.033631)
            (0.034795 -0.500000 0.034306)
            (0.036289 -0.500000 0.034979)
            (0.037814 -0.500000 0.035649)
            (0.039369 -0.500000 0.036316)
            (0.040954 -0.500000 0.036981)
            (0.042570 -0.500000 0.037642)
            (0.044216 -0.500000 0.038299)
            (0.045891 -0.500000 0.038954)
            (0.047597 -0.500000 0.039605)
            (0.049332 -0.500000 0.040252)
            (0.051097 -0.500000 0.040895)
            (0.052892 -0.500000 0.041535)
            (0.054716 -0.500000 0.042170)
            (0.056570 -0.500000 0.042801)
            (0.058452 -0.500000 0.043428)
            (0.060364 -0.500000 0.044051)
            (0.062305 -0.500000 0.044669)
            (0.064275 -0.500000 0.045282)
            (0.066274 -0.500000 0.045891)
            (0.068301 -0.500000 0.046494)
            (0.070357 -0.500000 0.047092)
            (0.072441 -0.500000 0.047686)
            (0.074554 -0.500000 0.048273)
            (0.076694 -0.500000 0.048855)
            (0.078863 -0.500000 0.049432)
            (0.081060 -0.500000 0.050002)
            (0.083284 -0.500000 0.050567)
            (0.085536 -0.500000 0.051126)
            (0.087815 -0.500000 0.051678)
            (0.090122 -0.500000 0.052224)
            (0.092455 -0.500000 0.052763)
            (0.094816 -0.500000 0.053296)
            (0.097203 -0.500000 0.053822)
            (0.099618 -0.500000 0.054341)
            (0.102058 -0.500000 0.054853)
            (0.104525 -0.500000 0.055358)
            (0.107018 -0.500000 0.055855)
            (0.109538 -0.500000 0.056345)
            (0.112083 -0.500000 0.056828)
            (0.114653 -0.500000 0.057302)
            (0.117249 -0.500000 0.057769)
            (0.119871 -0.500000 0.058228)
            (0.122517 -0.500000 0.058678)
            (0.125189 -0.500000 0.059121)
            (0.127885 -0.500000 0.059554)
            (0.130606 -0.500000 0.059980)
            (0.133351 -0.500000 0.060396)
            (0.136121 -0.500000 0.060804)
            (0.138914 -0.500000 0.061203)
            (0.141731 -0.500000 0.061593)
            (0.144572 -0.500000 0.061973)
            (0.147437 -0.500000 0.062344)
            (0.150324 -0.500000 0.062706)
            (0.153235 -0.500000 0.063058)
            (0.156168 -0.500000 0.063401)
            (0.159124 -0.500000 0.063734)
            (0.162102 -0.500000 0.064056)
            (0.165102 -0.500000 0.064369)
            (0.168125 -0.500000 0.064672)
            (0.171169 -0.500000 0.064964)
            (0.174235 -0.500000 0.065246)
            (0.177322 -0.500000 0.065517)
            (0.180430 -0.500000 0.065778)
            (0.183559 -0.500000 0.066028)
            (0.186708 -0.500000 0.066267)
            (0.189879 -0.500000 0.066496)
            (0.193069 -0.500000 0.066713)
            (0.196279 -0.500000 0.066919)
            (0.199509 -0.500000 0.067114)
            (0.202758 -0.500000 0.067298)
            (0.206027 -0.500000 0.067470)
            (0.209315 -0.500000 0.067631)
            (0.212621 -0.500000 0.067780)
            (0.215946 -0.500000 0.067917)
            (0.219290 -0.500000 0.068043)
            (0.222651 -0.500000 0.068157)
            (0.226030 -0.500000 0.068258)
            (0.229427 -0.500000 0.068348)
            (0.232841 -0.500000 0.068426)
            (0.236272 -0.500000 0.068491)
            (0.239721 -0.500000 0.068545)
            (0.243185 -0.500000 0.068585)
            (0.246666 -0.500000 0.068614)
            (0.250163 -0.500000 0.068630)
            (0.253676 -0.500000 0.068634)
            (0.257205 -0.500000 0.068625)
            (0.260748 -0.500000 0.068603)
            (0.264307 -0.500000 0.068569)
            (0.267881 -0.500000 0.068521)
            (0.271469 -0.500000 0.068461)
            (0.275072 -0.500000 0.068389)
            (0.278688 -0.500000 0.068303)
            (0.282318 -0.500000 0.068204)
            (0.285962 -0.500000 0.068093)
            (0.289619 -0.500000 0.067968)
            (0.293289 -0.500000 0.067830)
            (0.296971 -0.500000 0.067679)
            (0.300666 -0.500000 0.067515)
            (0.304374 -0.500000 0.067338)
            (0.308093 -0.500000 0.067148)
            (0.311823 -0.500000 0.066944)
            (0.315565 -0.500000 0.066727)
            (0.319319 -0.500000 0.066497)
            (0.323082 -0.500000 0.066254)
            (0.326857 -0.500000 0.065997)
            (0.330642 -0.500000 0.065727)
            (0.334437 -0.500000 0.065444)
            (0.338241 -0.500000 0.065147)
            (0.342055 -0.500000 0.064837)
            (0.345878 -0.500000 0.064514)
            (0.349710 -0.500000 0.064177)
            (0.353551 -0.500000 0.063827)
            (0.357400 -0.500000 0.063464)
            (0.361257 -0.500000 0.063087)
            (0.365122 -0.500000 0.062697)
            (0.368995 -0.500000 0.062294)
            (0.372875 -0.500000 0.061877)
            (0.376761 -0.500000 0.061448)
            (0.380655 -0.500000 0.061005)
            (0.384555 -0.500000 0.060548)
            (0.388461 -0.500000 0.060079)
            (0.392373 -0.500000 0.059596)
            (0.396291 -0.500000 0.059101)
            (0.400214 -0.500000 0.058592)
            (0.404142 -0.500000 0.058070)
        ) 
    spline 17 19 
        ( 
            (0.411946 -0.500000 0.056996)
            (0.415827 -0.500000 0.056448)
            (0.419712 -0.500000 0.055892)
            (0.423602 -0.500000 0.055327)
            (0.427497 -0.500000 0.054753)
            (0.431395 -0.500000 0.054171)
            (0.435296 -0.500000 0.053581)
            (0.439201 -0.500000 0.052983)
            (0.443110 -0.500000 0.052376)
            (0.447021 -0.500000 0.051761)
            (0.450935 -0.500000 0.051138)
            (0.454851 -0.500000 0.050507)
            (0.458769 -0.500000 0.049868)
            (0.462689 -0.500000 0.049221)
            (0.466611 -0.500000 0.048567)
            (0.470535 -0.500000 0.047905)
            (0.474459 -0.500000 0.047235)
            (0.478385 -0.500000 0.046558)
            (0.482311 -0.500000 0.045873)
            (0.486237 -0.500000 0.045181)
            (0.490164 -0.500000 0.044481)
            (0.494090 -0.500000 0.043774)
            (0.498017 -0.500000 0.043060)
            (0.501942 -0.500000 0.042340)
            (0.505867 -0.500000 0.041612)
            (0.509791 -0.500000 0.040877)
            (0.513713 -0.500000 0.040135)
            (0.517634 -0.500000 0.039387)
            (0.521553 -0.500000 0.038632)
            (0.525470 -0.500000 0.037871)
            (0.529384 -0.500000 0.037103)
            (0.533296 -0.500000 0.036329)
            (0.537206 -0.500000 0.035548)
            (0.541112 -0.500000 0.034762)
            (0.545015 -0.500000 0.033969)
            (0.548914 -0.500000 0.033170)
            (0.552810 -0.500000 0.032366)
            (0.556701 -0.500000 0.031555)
            (0.560588 -0.500000 0.030739)
            (0.564471 -0.500000 0.029918)
            (0.568349 -0.500000 0.029091)
            (0.572222 -0.500000 0.028258)
            (0.576090 -0.500000 0.027420)
            (0.579952 -0.500000 0.026577)
            (0.583809 -0.500000 0.025729)
            (0.587660 -0.500000 0.024876)
            (0.591504 -0.500000 0.024018)
            (0.595342 -0.500000 0.023156)
            (0.599173 -0.500000 0.022288)
            (0.602998 -0.500000 0.021416)
            (0.606815 -0.500000 0.020540)
            (0.610625 -0.500000 0.019659)
            (0.614428 -0.500000 0.018774)
            (0.618222 -0.500000 0.017884)
            (0.622009 -0.500000 0.016991)
            (0.625787 -0.500000 0.016094)
            (0.629557 -0.500000 0.015193)
            (0.633318 -0.500000 0.014288)
            (0.637070 -0.500000 0.013379)
            (0.640813 -0.500000 0.012467)
            (0.644546 -0.500000 0.011552)
            (0.648270 -0.500000 0.010633)
            (0.651983 -0.500000 0.009711)
            (0.655687 -0.500000 0.008786)
            (0.659380 -0.500000 0.007858)
            (0.663063 -0.500000 0.006927)
            (0.666735 -0.500000 0.005994)
            (0.670396 -0.500000 0.005057)
            (0.674046 -0.500000 0.004119)
            (0.677684 -0.500000 0.003178)
            (0.681311 -0.500000 0.002234)
            (0.684926 -0.500000 0.001289)
            (0.688529 -0.500000 0.000341)
            (0.692119 -0.500000 -0.000609)
            (0.695697 -0.500000 -0.001560)
            (0.699262 -0.500000 -0.002513)
            (0.702814 -0.500000 -0.003468)
            (0.706353 -0.500000 -0.004425)
            (0.709879 -0.500000 -0.005382)
            (0.713391 -0.500000 -0.006341)
            (0.716889 -0.500000 -0.007301)
            (0.720373 -0.500000 -0.008262)
            (0.723843 -0.500000 -0.009224)
            (0.727299 -0.500000 -0.010187)
            (0.730740 -0.500000 -0.011151)
            (0.734166 -0.500000 -0.012115)
            (0.737577 -0.500000 -0.013079)
            (0.740973 -0.500000 -0.014044)
            (0.744354 -0.500000 -0.015009)
            (0.747719 -0.500000 -0.015974)
            (0.751068 -0.500000 -0.016940)
            (0.754401 -0.500000 -0.017905)
            (0.757718 -0.500000 -0.018869)
            (0.761018 -0.500000 -0.019834)
            (0.764302 -0.500000 -0.020797)
            (0.767569 -0.500000 -0.021761)
            (0.770820 -0.500000 -0.022723)
            (0.774053 -0.500000 -0.023685)
            (0.777268 -0.500000 -0.024645)
            (0.780466 -0.500000 -0.025605)
            (0.783647 -0.500000 -0.026563)
            (0.786809 -0.500000 -0.027520)
            (0.789953 -0.500000 -0.028476)
            (0.793079 -0.500000 -0.029429)
            (0.796187 -0.500000 -0.030382)
            (0.799276 -0.500000 -0.031332)
            (0.802346 -0.500000 -0.032280)
            (0.805397 -0.500000 -0.033227)
            (0.808429 -0.500000 -0.034171)
            (0.811442 -0.500000 -0.035113)
            (0.814435 -0.500000 -0.036052)
            (0.817409 -0.500000 -0.036989)
            (0.820363 -0.500000 -0.037924)
            (0.823296 -0.500000 -0.038855)
            (0.826210 -0.500000 -0.039784)
            (0.829103 -0.500000 -0.040709)
            (0.831975 -0.500000 -0.041632)
            (0.834827 -0.500000 -0.042551)
            (0.837658 -0.500000 -0.043467)
            (0.840469 -0.500000 -0.044379)
            (0.843258 -0.500000 -0.045288)
            (0.846025 -0.500000 -0.046193)
            (0.848771 -0.500000 -0.047094)
            (0.851496 -0.500000 -0.047991)
            (0.854199 -0.500000 -0.048884)
            (0.856880 -0.500000 -0.049772)
            (0.859538 -0.500000 -0.050657)
            (0.862175 -0.500000 -0.051537)
            (0.864789 -0.500000 -0.052412)
            (0.867381 -0.500000 -0.053283)
            (0.869950 -0.500000 -0.054149)
            (0.872496 -0.500000 -0.055010)
            (0.875020 -0.500000 -0.055866)
            (0.877520 -0.500000 -0.056717)
            (0.879997 -0.500000 -0.057563)
            (0.882451 -0.500000 -0.058403)
            (0.884881 -0.500000 -0.059237)
            (0.887287 -0.500000 -0.060067)
            (0.889670 -0.500000 -0.060890)
            (0.892029 -0.500000 -0.061708)
            (0.894364 -0.500000 -0.062519)
            (0.896675 -0.500000 -0.063325)
            (0.898961 -0.500000 -0.064124)
            (0.901223 -0.500000 -0.064917)
            (0.903461 -0.500000 -0.065704)
            (0.905674 -0.500000 -0.066484)
            (0.907862 -0.500000 -0.067258)
            (0.910025 -0.500000 -0.068025)
            (0.912164 -0.500000 -0.068785)
            (0.914277 -0.500000 -0.069538)
            (0.916365 -0.500000 -0.070284)
            (0.918428 -0.500000 -0.071023)
            (0.920465 -0.500000 -0.071754)
            (0.922477 -0.500000 -0.072479)
            (0.924463 -0.500000 -0.073195)
            (0.926423 -0.500000 -0.073905)
            (0.928358 -0.500000 -0.074606)
            (0.930266 -0.500000 -0.075300)
            (0.932149 -0.500000 -0.075986)
            (0.934005 -0.500000 -0.076664)
            (0.935835 -0.500000 -0.077334)
            (0.937638 -0.500000 -0.077996)
            (0.939416 -0.500000 -0.078649)
            (0.941166 -0.500000 -0.079294)
            (0.942890 -0.500000 -0.079931)
            (0.944587 -0.500000 -0.080559)
            (0.946258 -0.500000 -0.081179)
            (0.947901 -0.500000 -0.081790)
            (0.949518 -0.500000 -0.082392)
            (0.951107 -0.500000 -0.082985)
            (0.952670 -0.500000 -0.083569)
            (0.954205 -0.500000 -0.084144)
            (0.955712 -0.500000 -0.084709)
            (0.957193 -0.500000 -0.085266)
            (0.958645 -0.500000 -0.085813)
            (0.960071 -0.500000 -0.086351)
            (0.961468 -0.500000 -0.086879)
            (0.962838 -0.500000 -0.087398)
            (0.964180 -0.500000 -0.087907)
            (0.965495 -0.500000 -0.088406)
            (0.966781 -0.500000 -0.088896)
            (0.968040 -0.500000 -0.089375)
            (0.969270 -0.500000 -0.089845)
            (0.970472 -0.500000 -0.090305)
            (0.971647 -0.500000 -0.090754)
            (0.972793 -0.500000 -0.091193)
            (0.973910 -0.500000 -0.091623)
            (0.975000 -0.500000 -0.092041)
            (0.976061 -0.500000 -0.092450)
            (0.977093 -0.500000 -0.092848)
            (0.978097 -0.500000 -0.093235)
            (0.979073 -0.500000 -0.093612)
            (0.980019 -0.500000 -0.093979)
            (0.980938 -0.500000 -0.094334)
            (0.981827 -0.500000 -0.094679)
            (0.982688 -0.500000 -0.095013)
            (0.983520 -0.500000 -0.095337)
            (0.984323 -0.500000 -0.095649)
            (0.985098 -0.500000 -0.095951)
            (0.985843 -0.500000 -0.096241)
            (0.986560 -0.500000 -0.096521)
            (0.987247 -0.500000 -0.096789)
            (0.987906 -0.500000 -0.097046)
            (0.988535 -0.500000 -0.097292)
            (0.989136 -0.500000 -0.097527)
            (0.989707 -0.500000 -0.097751)
            (0.990249 -0.500000 -0.097964)
            (0.990762 -0.500000 -0.098165)
            (0.991246 -0.500000 -0.098355)
            (0.991701 -0.500000 -0.098533)
            (0.992126 -0.500000 -0.098700)
            (0.992522 -0.500000 -0.098856)
            (0.992889 -0.500000 -0.099000)
            (0.993227 -0.500000 -0.099133)
            (0.993535 -0.500000 -0.099255)
            (0.993814 -0.500000 -0.099364)
            (0.994064 -0.500000 -0.099463)
            (0.994284 -0.500000 -0.099550)
            (0.994475 -0.500000 -0.099625)
            (0.994637 -0.500000 -0.099689)
            (0.994769 -0.500000 -0.099741)
            (0.994872 -0.500000 -0.099781)
            (0.994945 -0.500000 -0.099810)
            (0.994989 -0.500000 -0.099828)
        ) 
    spline 16 18 
        ( 
            (0.000084 -0.500000 -0.000695)
            (0.000199 -0.500000 -0.001385)
            (0.000345 -0.500000 -0.002070)
            (0.000522 -0.500000 -0.002749)
            (0.000731 -0.500000 -0.003422)
            (0.000970 -0.500000 -0.004090)
            (0.001241 -0.500000 -0.004753)
            (0.001542 -0.500000 -0.005410)
            (0.001874 -0.500000 -0.006062)
            (0.002237 -0.500000 -0.006708)
            (0.002631 -0.500000 -0.007349)
            (0.003056 -0.500000 -0.007985)
            (0.003512 -0.500000 -0.008615)
            (0.003998 -0.500000 -0.009239)
            (0.004514 -0.500000 -0.009858)
            (0.005062 -0.500000 -0.010472)
            (0.005639 -0.500000 -0.011080)
            (0.006247 -0.500000 -0.011683)
            (0.006886 -0.500000 -0.012280)
            (0.007554 -0.500000 -0.012872)
            (0.008253 -0.500000 -0.013458)
            (0.008982 -0.500000 -0.014039)
            (0.009741 -0.500000 -0.014614)
            (0.010530 -0.500000 -0.015184)
            (0.011349 -0.500000 -0.015749)
            (0.012198 -0.500000 -0.016308)
            (0.013077 -0.500000 -0.016861)
            (0.013985 -0.500000 -0.017410)
            (0.014923 -0.500000 -0.017952)
            (0.015890 -0.500000 -0.018490)
            (0.016886 -0.500000 -0.019022)
            (0.017912 -0.500000 -0.019548)
            (0.018968 -0.500000 -0.020070)
            (0.020052 -0.500000 -0.020586)
            (0.021165 -0.500000 -0.021096)
            (0.022307 -0.500000 -0.021601)
            (0.023479 -0.500000 -0.022101)
            (0.024678 -0.500000 -0.022596)
            (0.025907 -0.500000 -0.023085)
            (0.027164 -0.500000 -0.023569)
            (0.028449 -0.500000 -0.024047)
            (0.029763 -0.500000 -0.024521)
            (0.031105 -0.500000 -0.024989)
            (0.032475 -0.500000 -0.025452)
            (0.033874 -0.500000 -0.025910)
            (0.035300 -0.500000 -0.026362)
            (0.036754 -0.500000 -0.026810)
            (0.038235 -0.500000 -0.027252)
            (0.039744 -0.500000 -0.027689)
            (0.041281 -0.500000 -0.028121)
            (0.042844 -0.500000 -0.028548)
            (0.044436 -0.500000 -0.028970)
            (0.046054 -0.500000 -0.029386)
            (0.047699 -0.500000 -0.029798)
            (0.049371 -0.500000 -0.030205)
            (0.051069 -0.500000 -0.030607)
            (0.052795 -0.500000 -0.031004)
            (0.054546 -0.500000 -0.031396)
            (0.056324 -0.500000 -0.031783)
            (0.058128 -0.500000 -0.032165)
            (0.059959 -0.500000 -0.032542)
            (0.061815 -0.500000 -0.032915)
            (0.063697 -0.500000 -0.033283)
            (0.065605 -0.500000 -0.033646)
            (0.067538 -0.500000 -0.034005)
            (0.069497 -0.500000 -0.034358)
            (0.071481 -0.500000 -0.034708)
            (0.073490 -0.500000 -0.035052)
            (0.075524 -0.500000 -0.035392)
            (0.077583 -0.500000 -0.035728)
            (0.079666 -0.500000 -0.036059)
            (0.081774 -0.500000 -0.036386)
            (0.083907 -0.500000 -0.036708)
            (0.086064 -0.500000 -0.037026)
            (0.088245 -0.500000 -0.037340)
            (0.090450 -0.500000 -0.037649)
            (0.092679 -0.500000 -0.037955)
            (0.094931 -0.500000 -0.038256)
            (0.097208 -0.500000 -0.038553)
            (0.099507 -0.500000 -0.038846)
            (0.101830 -0.500000 -0.039135)
            (0.104176 -0.500000 -0.039419)
            (0.106545 -0.500000 -0.039700)
            (0.108936 -0.500000 -0.039978)
            (0.111350 -0.500000 -0.040251)
            (0.113787 -0.500000 -0.040520)
            (0.116246 -0.500000 -0.040786)
            (0.118727 -0.500000 -0.041049)
            (0.121231 -0.500000 -0.041307)
            (0.123756 -0.500000 -0.041562)
            (0.126303 -0.500000 -0.041814)
            (0.128871 -0.500000 -0.042062)
            (0.131461 -0.500000 -0.042307)
            (0.134072 -0.500000 -0.042549)
            (0.136704 -0.500000 -0.042787)
            (0.139357 -0.500000 -0.043022)
            (0.142031 -0.500000 -0.043254)
            (0.144725 -0.500000 -0.043483)
            (0.147440 -0.500000 -0.043709)
            (0.150175 -0.500000 -0.043932)
            (0.152930 -0.500000 -0.044152)
            (0.155705 -0.500000 -0.044370)
            (0.158500 -0.500000 -0.044585)
            (0.161314 -0.500000 -0.044797)
            (0.164148 -0.500000 -0.045007)
            (0.167001 -0.500000 -0.045214)
            (0.169873 -0.500000 -0.045418)
            (0.172765 -0.500000 -0.045621)
            (0.175674 -0.500000 -0.045821)
            (0.178603 -0.500000 -0.046019)
            (0.181550 -0.500000 -0.046214)
            (0.184515 -0.500000 -0.046408)
            (0.187498 -0.500000 -0.046600)
            (0.190499 -0.500000 -0.046790)
            (0.193518 -0.500000 -0.046978)
            (0.196555 -0.500000 -0.047164)
            (0.199608 -0.500000 -0.047349)
            (0.202679 -0.500000 -0.047532)
            (0.205767 -0.500000 -0.047713)
            (0.208872 -0.500000 -0.047893)
            (0.211994 -0.500000 -0.048072)
            (0.215132 -0.500000 -0.048250)
            (0.218286 -0.500000 -0.048426)
            (0.221457 -0.500000 -0.048601)
            (0.224644 -0.500000 -0.048776)
            (0.227846 -0.500000 -0.048949)
            (0.231064 -0.500000 -0.049121)
            (0.234297 -0.500000 -0.049293)
            (0.237546 -0.500000 -0.049464)
            (0.240810 -0.500000 -0.049635)
            (0.244088 -0.500000 -0.049805)
            (0.247382 -0.500000 -0.049975)
            (0.250689 -0.500000 -0.050144)
            (0.254012 -0.500000 -0.050313)
            (0.257348 -0.500000 -0.050482)
            (0.260698 -0.500000 -0.050651)
            (0.264062 -0.500000 -0.050819)
            (0.267440 -0.500000 -0.050988)
            (0.270831 -0.500000 -0.051158)
            (0.274236 -0.500000 -0.051327)
            (0.277653 -0.500000 -0.051497)
            (0.281083 -0.500000 -0.051667)
            (0.284526 -0.500000 -0.051838)
            (0.287982 -0.500000 -0.052009)
            (0.291450 -0.500000 -0.052182)
            (0.294929 -0.500000 -0.052354)
            (0.298421 -0.500000 -0.052528)
            (0.301924 -0.500000 -0.052703)
            (0.305439 -0.500000 -0.052879)
            (0.308966 -0.500000 -0.053056)
            (0.312503 -0.500000 -0.053234)
            (0.316051 -0.500000 -0.053414)
            (0.319610 -0.500000 -0.053595)
            (0.323180 -0.500000 -0.053777)
            (0.326760 -0.500000 -0.053961)
            (0.330350 -0.500000 -0.054147)
            (0.333950 -0.500000 -0.054334)
            (0.337560 -0.500000 -0.054523)
            (0.341179 -0.500000 -0.054714)
            (0.344808 -0.500000 -0.054907)
            (0.348446 -0.500000 -0.055102)
            (0.352093 -0.500000 -0.055299)
            (0.355749 -0.500000 -0.055499)
            (0.359413 -0.500000 -0.055700)
            (0.363085 -0.500000 -0.055904)
            (0.366766 -0.500000 -0.056111)
            (0.370455 -0.500000 -0.056320)
            (0.374151 -0.500000 -0.056531)
            (0.377855 -0.500000 -0.056745)
            (0.381566 -0.500000 -0.056962)
            (0.385284 -0.500000 -0.057182)
            (0.389010 -0.500000 -0.057404)
            (0.392742 -0.500000 -0.057630)
        ) 
    spline 18 19 
        ( 
            (0.400291 -0.500000 -0.058094)
            (0.404104 -0.500000 -0.058329)
            (0.407923 -0.500000 -0.058562)
            (0.411748 -0.500000 -0.058795)
            (0.415578 -0.500000 -0.059028)
            (0.419414 -0.500000 -0.059259)
            (0.423255 -0.500000 -0.059490)
            (0.427100 -0.500000 -0.059720)
            (0.430951 -0.500000 -0.059950)
            (0.434805 -0.500000 -0.060179)
            (0.438664 -0.500000 -0.060408)
            (0.442527 -0.500000 -0.060636)
            (0.446393 -0.500000 -0.060864)
            (0.450263 -0.500000 -0.061091)
            (0.454136 -0.500000 -0.061318)
            (0.458012 -0.500000 -0.061545)
            (0.461891 -0.500000 -0.061771)
            (0.465773 -0.500000 -0.061997)
            (0.469656 -0.500000 -0.062223)
            (0.473542 -0.500000 -0.062449)
            (0.477430 -0.500000 -0.062675)
            (0.481319 -0.500000 -0.062900)
            (0.485209 -0.500000 -0.063126)
            (0.489101 -0.500000 -0.063351)
            (0.492993 -0.500000 -0.063577)
            (0.496887 -0.500000 -0.063802)
            (0.500780 -0.500000 -0.064027)
            (0.504674 -0.500000 -0.064253)
            (0.508567 -0.500000 -0.064478)
            (0.512461 -0.500000 -0.064704)
            (0.516353 -0.500000 -0.064930)
            (0.520245 -0.500000 -0.065156)
            (0.524136 -0.500000 -0.065382)
            (0.528026 -0.500000 -0.065608)
            (0.531914 -0.500000 -0.065835)
            (0.535801 -0.500000 -0.066061)
            (0.539685 -0.500000 -0.066288)
            (0.543567 -0.500000 -0.066516)
            (0.547447 -0.500000 -0.066743)
            (0.551324 -0.500000 -0.066971)
            (0.555198 -0.500000 -0.067199)
            (0.559069 -0.500000 -0.067428)
            (0.562937 -0.500000 -0.067657)
            (0.566801 -0.500000 -0.067886)
            (0.570661 -0.500000 -0.068116)
            (0.574517 -0.500000 -0.068346)
            (0.578369 -0.500000 -0.068576)
            (0.582216 -0.500000 -0.068807)
            (0.586058 -0.500000 -0.069038)
            (0.589895 -0.500000 -0.069270)
            (0.593727 -0.500000 -0.069502)
            (0.597553 -0.500000 -0.069735)
            (0.601373 -0.500000 -0.069968)
            (0.605188 -0.500000 -0.070201)
            (0.608996 -0.500000 -0.070435)
            (0.612797 -0.500000 -0.070669)
            (0.616592 -0.500000 -0.070904)
            (0.620380 -0.500000 -0.071139)
            (0.624161 -0.500000 -0.071374)
            (0.627935 -0.500000 -0.071610)
            (0.631700 -0.500000 -0.071847)
            (0.635458 -0.500000 -0.072083)
            (0.639208 -0.500000 -0.072321)
            (0.642949 -0.500000 -0.072558)
            (0.646682 -0.500000 -0.072796)
            (0.650405 -0.500000 -0.073035)
            (0.654120 -0.500000 -0.073274)
            (0.657826 -0.500000 -0.073513)
            (0.661522 -0.500000 -0.073753)
            (0.665208 -0.500000 -0.073993)
            (0.668884 -0.500000 -0.074233)
            (0.672550 -0.500000 -0.074474)
            (0.676206 -0.500000 -0.074715)
            (0.679850 -0.500000 -0.074956)
            (0.683484 -0.500000 -0.075198)
            (0.687107 -0.500000 -0.075439)
            (0.690719 -0.500000 -0.075682)
            (0.694318 -0.500000 -0.075924)
            (0.697906 -0.500000 -0.076166)
            (0.701482 -0.500000 -0.076409)
            (0.705046 -0.500000 -0.076652)
            (0.708597 -0.500000 -0.076895)
            (0.712136 -0.500000 -0.077139)
            (0.715662 -0.500000 -0.077382)
            (0.719174 -0.500000 -0.077626)
            (0.722673 -0.500000 -0.077869)
            (0.726159 -0.500000 -0.078113)
            (0.729630 -0.500000 -0.078357)
            (0.733088 -0.500000 -0.078600)
            (0.736531 -0.500000 -0.078844)
            (0.739960 -0.500000 -0.079088)
            (0.743374 -0.500000 -0.079331)
            (0.746773 -0.500000 -0.079575)
            (0.750158 -0.500000 -0.079818)
            (0.753526 -0.500000 -0.080062)
            (0.756880 -0.500000 -0.080305)
            (0.760217 -0.500000 -0.080548)
            (0.763539 -0.500000 -0.080790)
            (0.766844 -0.500000 -0.081033)
            (0.770133 -0.500000 -0.081275)
            (0.773405 -0.500000 -0.081517)
            (0.776661 -0.500000 -0.081758)
            (0.779899 -0.500000 -0.082000)
            (0.783120 -0.500000 -0.082240)
            (0.786324 -0.500000 -0.082481)
            (0.789510 -0.500000 -0.082720)
            (0.792679 -0.500000 -0.082960)
            (0.795829 -0.500000 -0.083199)
            (0.798961 -0.500000 -0.083437)
            (0.802074 -0.500000 -0.083675)
            (0.805169 -0.500000 -0.083912)
            (0.808245 -0.500000 -0.084148)
            (0.811302 -0.500000 -0.084384)
            (0.814340 -0.500000 -0.084619)
            (0.817358 -0.500000 -0.084853)
            (0.820357 -0.500000 -0.085087)
            (0.823336 -0.500000 -0.085320)
            (0.826295 -0.500000 -0.085552)
            (0.829233 -0.500000 -0.085783)
            (0.832152 -0.500000 -0.086013)
            (0.835049 -0.500000 -0.086242)
            (0.837926 -0.500000 -0.086470)
            (0.840782 -0.500000 -0.086697)
            (0.843617 -0.500000 -0.086924)
            (0.846430 -0.500000 -0.087149)
            (0.849222 -0.500000 -0.087373)
            (0.851992 -0.500000 -0.087596)
            (0.854741 -0.500000 -0.087817)
            (0.857467 -0.500000 -0.088038)
            (0.860171 -0.500000 -0.088257)
            (0.862853 -0.500000 -0.088475)
            (0.865512 -0.500000 -0.088692)
            (0.868148 -0.500000 -0.088908)
            (0.870761 -0.500000 -0.089122)
            (0.873352 -0.500000 -0.089335)
            (0.875919 -0.500000 -0.089546)
            (0.878462 -0.500000 -0.089756)
            (0.880982 -0.500000 -0.089964)
            (0.883478 -0.500000 -0.090171)
            (0.885950 -0.500000 -0.090377)
            (0.888399 -0.500000 -0.090580)
            (0.890822 -0.500000 -0.090783)
            (0.893222 -0.500000 -0.090983)
            (0.895597 -0.500000 -0.091182)
            (0.897947 -0.500000 -0.091380)
            (0.900272 -0.500000 -0.091575)
            (0.902572 -0.500000 -0.091769)
            (0.904847 -0.500000 -0.091961)
            (0.907097 -0.500000 -0.092152)
            (0.909321 -0.500000 -0.092340)
            (0.911519 -0.500000 -0.092527)
            (0.913692 -0.500000 -0.092712)
            (0.915839 -0.500000 -0.092895)
            (0.917960 -0.500000 -0.093076)
            (0.920054 -0.500000 -0.093255)
            (0.922122 -0.500000 -0.093432)
            (0.924164 -0.500000 -0.093607)
            (0.926179 -0.500000 -0.093780)
            (0.928167 -0.500000 -0.093951)
            (0.930128 -0.500000 -0.094120)
            (0.932062 -0.500000 -0.094287)
            (0.933969 -0.500000 -0.094452)
            (0.935849 -0.500000 -0.094614)
            (0.937702 -0.500000 -0.094775)
            (0.939526 -0.500000 -0.094933)
            (0.941324 -0.500000 -0.095089)
            (0.943093 -0.500000 -0.095243)
            (0.944834 -0.500000 -0.095395)
            (0.946548 -0.500000 -0.095544)
            (0.948233 -0.500000 -0.095691)
            (0.949890 -0.500000 -0.095836)
            (0.951519 -0.500000 -0.095978)
            (0.953119 -0.500000 -0.096118)
            (0.954690 -0.500000 -0.096256)
            (0.956233 -0.500000 -0.096391)
            (0.957747 -0.500000 -0.096524)
            (0.959233 -0.500000 -0.096655)
            (0.960689 -0.500000 -0.096783)
            (0.962116 -0.500000 -0.096909)
            (0.963514 -0.500000 -0.097032)
            (0.964882 -0.500000 -0.097153)
            (0.966221 -0.500000 -0.097271)
            (0.967531 -0.500000 -0.097387)
            (0.968811 -0.500000 -0.097500)
            (0.970062 -0.500000 -0.097610)
            (0.971282 -0.500000 -0.097718)
            (0.972473 -0.500000 -0.097824)
            (0.973634 -0.500000 -0.097927)
            (0.974765 -0.500000 -0.098027)
            (0.975866 -0.500000 -0.098125)
            (0.976937 -0.500000 -0.098220)
            (0.977977 -0.500000 -0.098313)
            (0.978988 -0.500000 -0.098403)
            (0.979968 -0.500000 -0.098490)
            (0.980917 -0.500000 -0.098574)
            (0.981836 -0.500000 -0.098656)
            (0.982725 -0.500000 -0.098735)
            (0.983582 -0.500000 -0.098812)
            (0.984410 -0.500000 -0.098886)
            (0.985206 -0.500000 -0.098957)
            (0.985972 -0.500000 -0.099025)
            (0.986706 -0.500000 -0.099091)
            (0.987410 -0.500000 -0.099154)
            (0.988083 -0.500000 -0.099214)
            (0.988725 -0.500000 -0.099271)
            (0.989336 -0.500000 -0.099326)
            (0.989916 -0.500000 -0.099378)
            (0.990465 -0.500000 -0.099427)
            (0.990982 -0.500000 -0.099473)
            (0.991469 -0.500000 -0.099517)
            (0.991924 -0.500000 -0.099557)
            (0.992348 -0.500000 -0.099595)
            (0.992740 -0.500000 -0.099630)
            (0.993102 -0.500000 -0.099663)
            (0.993432 -0.500000 -0.099692)
            (0.993730 -0.500000 -0.099719)
            (0.993998 -0.500000 -0.099743)
            (0.994233 -0.500000 -0.099764)
            (0.994438 -0.500000 -0.099783)
            (0.994611 -0.500000 -0.099798)
            (0.994752 -0.500000 -0.099811)
            (0.994863 -0.500000 -0.099821)
            (0.994941 -0.500000 -0.099828)
            (0.994988 -0.500000 -0.099832)
        ) 
    arc 0 1 (-5.248784 0.500000 5.656854) 
    arc 0 9 (-5.248784 0.500000 -5.656854) 
    arc 12 13 (-5.248784 -0.500000 5.656854) 
    arc 12 21 (-5.248784 -0.500000 -5.656854) 
); 

boundary 
( 
    inlet 
    { 
        type patch; 
        faces 
        ( 
            (1 0 12 13) 
            (0 9 21 12) 
        ); 
    } 

    outlet 
    { 
        type patch; 
        faces 
        ( 
            (11 8 20 23) 
            (8 3 15 20) 
        ); 
    } 

    topAndBottom 
    { 
        type patch; 
        faces 
        ( 
            (3 2 14 15) 
            (2 1 13 14) 
            (9 10 22 21) 
            (10 11 23 22) 
        ); 
    } 

    airfoil 
    { 
        type wall; 
        faces 
        ( 
            (5 4 16 17) 
            (7 5 17 19) 
            (4 6 18 16) 
            (6 7 19 18) 
        ); 
    } 
); 
 
mergePatchPairs 
( 
); 
 
// ************************************************************************* // 
